eval_loss = 4.1269155746132
mcc = 0.0750337815772221
